000000.jpg 234 177 686 221
000001.jpg 334 210 856 326
000002.jpg 366 192 838 307
000003.jpg 342 200 707 196
000004.jpg 365 158 679 296
000005.jpg 136 243 -1 -1
000006.jpg 357 184 681 259
000007.jpg 353 282 614 293
000008.jpg 166 230 -1 -1
000009.jpg 449 268 701 204
000010.jpg 357 184 688 205
000011.jpg 356 190 835 342
000012.jpg 138 187 871 311
000013.jpg 355 300 677 180
000014.jpg 223 170 -1 -1
000015.jpg 143 211 701 242
000016.jpg 224 188 -1 -1
000017.jpg 235 167 677 203
000018.jpg 355 189 841 249
000019.jpg 176 192 850 240
000020.jpg 353 266 683 174
000021.jpg 181 210 847 239
000022.jpg 44 185 695 221
000023.jpg 354 291 691 181
000024.jpg 346 240 891 318
000025.jpg 335 198 590 263
000026.jpg 333 208 708 228
000027.jpg 49 175 704 395
000028.jpg 344 171 691 285
000029.jpg 343 263 585 259
000030.jpg 349 272 562 337
000031.jpg 378 241 852 239
000032.jpg 177 226 626 314
000033.jpg 352 168 685 289
000034.jpg 151 237 701 240
000035.jpg 166 226 845 242
000036.jpg 484 306 829 212
000037.jpg 455 272 843 218
000038.jpg 354 185 850 251
000039.jpg 146 162 673 212
000040.jpg 132 140 -1 -1
000041.jpg 182 231 660 249
000042.jpg 176 226 699 227
000043.jpg 346 205 707 206
000044.jpg 424 346 688 242
000045.jpg 486 308 841 346
000046.jpg 178 233 692 222
000047.jpg 183 246 -1 -1
000048.jpg 347 210 705 202
000049.jpg 157 222 701 239
000050.jpg 154 201 682 207
000051.jpg 132 174 -1 -1
000052.jpg 490 304 858 280
000053.jpg 99 139 -1 -1
000054.jpg 128 137 -1 -1
000055.jpg 338 205 703 206
000056.jpg 343 241 881 357
000057.jpg 176 214 846 243
000058.jpg 340 241 886 332
000059.jpg 354 189 693 214
000060.jpg 343 222 687 247
000061.jpg 182 244 -1 -1
000062.jpg 240 184 845 240
000063.jpg 324 214 854 364
000064.jpg 142 210 -1 -1
000065.jpg 330 220 836 346
000066.jpg 352 289 677 189
000067.jpg 139 218 699 238
000068.jpg 183 165 681 211
000069.jpg 345 243 885 324
000070.jpg 238 213 695 234
000071.jpg 371 245 684 231
000072.jpg 228 154 848 243
000073.jpg 344 240 858 223
000074.jpg 345 262 567 338
000075.jpg 349 267 573 248
000076.jpg 346 245 693 244
000077.jpg 337 247 692 249
000078.jpg 357 181 718 281
000079.jpg 220 158 707 255
000080.jpg 225 155 690 235
000081.jpg 229 180 -1 -1
000082.jpg 362 245 827 276
000083.jpg 338 207 676 201
000084.jpg 110 186 688 224
000085.jpg 427 344 689 238
000086.jpg 342 206 700 207
000087.jpg 346 244 893 264
000088.jpg 444 275 712 208
000089.jpg 345 210 694 224
000090.jpg 337 198 600 249
000091.jpg 334 194 697 204
000092.jpg 149 135 682 204
000093.jpg 157 172 678 206
000094.jpg 344 270 562 328
000095.jpg 232 182 847 239
000096.jpg 352 218 700 223
000097.jpg 378 249 683 250
000098.jpg 345 181 846 340
000099.jpg 117 221 -1 -1
000100.jpg 290 188 680 214
000101.jpg 336 224 690 228
000102.jpg 344 241 880 371
000103.jpg 346 241 885 261
000104.jpg 352 196 812 218
000105.jpg 350 267 695 185
000106.jpg 168 233 630 316
000107.jpg 227 173 683 202
000108.jpg 330 219 849 341
000109.jpg 187 159 -1 -1
000110.jpg 333 231 885 318
000111.jpg 353 279 690 245
000112.jpg 337 202 624 273
000113.jpg 345 247 882 315
000114.jpg 349 245 901 273
000115.jpg 332 226 783 360
000116.jpg 326 227 856 355
000117.jpg 138 210 -1 -1
000118.jpg 334 228 851 359
000119.jpg 53 180 702 245
000120.jpg 346 242 892 286
000121.jpg 340 229 886 320
000122.jpg 353 274 679 239
000123.jpg 483 309 846 227
000124.jpg 347 206 607 249
000125.jpg 346 206 705 205
000126.jpg 392 214 703 207
000127.jpg 236 197 849 241
000128.jpg 233 186 -1 -1
000129.jpg 485 305 856 282
000130.jpg 345 239 875 282
000131.jpg 484 306 823 179
000132.jpg 316 227 680 248
000133.jpg 356 186 841 354
000134.jpg 342 239 660 322
000135.jpg 479 305 841 322
000136.jpg 482 305 836 342
000137.jpg 354 297 676 190
000138.jpg 228 178 686 225
000139.jpg 331 228 789 368
000140.jpg 347 251 882 240
000141.jpg 349 305 678 196
000142.jpg 159 217 673 211
000143.jpg 335 227 859 323
000144.jpg 352 251 886 324
000145.jpg 356 269 672 176
000146.jpg 321 225 852 341
000147.jpg 170 181 841 236
000148.jpg 227 153 692 235
000149.jpg 337 217 693 214
000150.jpg 227 149 -1 -1
000151.jpg 53 179 700 247
000152.jpg 358 194 681 294
000153.jpg 150 213 -1 -1
000154.jpg 334 228 863 334
000155.jpg 330 246 677 329
000156.jpg 49 177 -1 -1
000157.jpg 368 263 673 246
000158.jpg 328 216 584 266
000159.jpg 150 142 678 208
000160.jpg 163 233 706 240
000161.jpg 236 202 842 244
000162.jpg 190 242 -1 -1
000163.jpg 363 155 682 307
000164.jpg 229 188 687 229
000165.jpg 417 343 686 246
000166.jpg 344 269 691 193
000167.jpg 339 211 708 206
000168.jpg 50 174 -1 -1
000169.jpg 227 180 689 228
000170.jpg 347 245 874 223
000171.jpg 151 143 685 202
000172.jpg 339 200 594 248
000173.jpg 334 219 782 247
000174.jpg 50 181 696 225
000175.jpg 329 226 851 351
000176.jpg 498 302 853 279
000177.jpg 354 268 598 227
000178.jpg 352 145 696 269
000179.jpg 487 307 850 228
000180.jpg 337 245 869 282
000181.jpg 184 257 -1 -1
000182.jpg 331 231 818 347
000183.jpg 356 200 838 381
000184.jpg 338 206 692 213
000185.jpg 137 185 845 241
000186.jpg 214 176 847 240
000187.jpg 52 176 -1 -1
000188.jpg 354 247 904 257
000189.jpg 350 241 878 236
000190.jpg 347 252 877 252
000191.jpg 489 313 843 336
000192.jpg 344 244 850 228
000193.jpg 343 225 706 222
000194.jpg 343 249 856 222
000195.jpg 348 250 881 214
000196.jpg 355 192 829 229
000197.jpg 164 209 854 243
000198.jpg 249 219 664 341
000199.jpg 346 205 712 189
000200.jpg 167 212 -1 -1
000201.jpg 350 271 576 248
000202.jpg 352 300 685 190
000203.jpg 335 242 835 200
000204.jpg 371 242 834 284
000205.jpg 332 197 677 204
000206.jpg 218 151 702 244
000207.jpg 342 256 875 328
000208.jpg 138 236 -1 -1
000209.jpg 110 207 694 241
000210.jpg 338 222 857 324
000211.jpg 417 328 692 245
000212.jpg 347 245 882 224
000213.jpg 42 182 -1 -1
000214.jpg 51 169 705 235
000215.jpg 127 186 845 243
000216.jpg 335 215 624 262
000217.jpg 54 175 -1 -1
000218.jpg 178 233 704 228
000219.jpg 339 246 878 258
000220.jpg 340 248 759 241
000221.jpg 460 268 851 230
000222.jpg 328 226 726 234
000223.jpg 50 177 694 243
000224.jpg 125 235 -1 -1
000225.jpg 83 219 687 225
000226.jpg 58 174 692 248
000227.jpg 346 240 833 209
000228.jpg 381 247 682 217
000229.jpg 229 205 692 229
000230.jpg 346 246 893 314
000231.jpg 342 209 702 230
000232.jpg 150 142 683 202
000233.jpg 350 238 880 303
000234.jpg 210 171 687 330
000235.jpg 127 130 -1 -1
000236.jpg 181 228 699 221
000237.jpg 346 207 709 202
000238.jpg 344 222 689 241
000239.jpg 338 243 866 253
000240.jpg 358 186 844 332
000241.jpg 359 259 674 169
000242.jpg 165 238 -1 -1
000243.jpg 356 226 855 240
000244.jpg 342 213 618 267
000245.jpg 329 227 848 343
000246.jpg 355 185 850 230
000247.jpg 220 166 700 239
000248.jpg 376 241 842 232
000249.jpg 198 195 670 206
000250.jpg 346 243 875 318
000251.jpg 352 248 897 318
000252.jpg 326 218 687 224
000253.jpg 229 152 681 201
000254.jpg 493 310 828 176
000255.jpg 45 173 706 246
000256.jpg 237 176 689 231
000257.jpg 361 247 867 354
000258.jpg 340 205 692 198
000259.jpg 182 204 699 241
000260.jpg 432 287 871 384
000261.jpg 357 224 878 378
000262.jpg 369 230 694 266
000263.jpg 354 223 873 338
000264.jpg 262 172 -1 -1
000265.jpg 354 225 886 238
000266.jpg 252 162 701 260
000267.jpg 346 236 864 280
000268.jpg 512 177 527 332
000269.jpg -1 -1 850 249
000270.jpg 248 199 -1 -1
000271.jpg 373 284 694 285
000272.jpg 427 316 557 158
000273.jpg 421 156 683 314
000274.jpg 361 222 896 382
000275.jpg 203 194 691 267
000276.jpg 504 184 515 333
000277.jpg 356 246 879 293
000278.jpg 353 236 870 362
000279.jpg 358 229 871 335
000280.jpg 356 240 841 417
000281.jpg 355 252 870 254
000282.jpg 429 326 543 157
000283.jpg 347 203 714 261
000284.jpg 360 239 882 387
000285.jpg 361 239 842 373
000286.jpg 358 248 704 276
000287.jpg 432 262 830 377
000288.jpg 216 204 691 255
000289.jpg 269 226 702 249
000290.jpg 354 237 838 232
000291.jpg 498 180 572 331
000292.jpg 53 176 692 245
000293.jpg 346 237 843 259
000294.jpg -1 -1 802 288
000295.jpg 105 193 699 246
000296.jpg 476 337 702 219
000297.jpg 356 242 812 240
000298.jpg 368 233 699 276
000299.jpg 183 229 713 283
000300.jpg 348 231 820 323
000301.jpg 362 238 861 382
000302.jpg -1 -1 871 295
000303.jpg 320 407 855 262
000304.jpg 356 242 697 266
000305.jpg 372 292 642 163
000306.jpg 329 255 697 267
000307.jpg 332 285 881 258
000308.jpg 147 229 697 242
000309.jpg 357 250 857 252
000310.jpg 173 212 706 293
000311.jpg 361 238 603 319
000312.jpg 386 320 674 182
000313.jpg 328 322 702 327
000314.jpg 204 211 -1 -1
000315.jpg 300 310 846 265
000316.jpg 352 240 761 258
000317.jpg 361 233 852 338
000318.jpg -1 -1 778 369
000319.jpg 383 140 688 147
000320.jpg 457 326 580 146
000321.jpg 263 224 703 248
000322.jpg -1 -1 847 380
000323.jpg -1 -1 853 275
000324.jpg 246 151 700 244
000325.jpg 356 206 698 273
000326.jpg -1 -1 847 293
000327.jpg 359 245 855 261
000328.jpg -1 -1 804 270
000329.jpg 118 207 687 279
000330.jpg 353 237 857 384
000331.jpg 356 183 693 298
000332.jpg 362 251 858 260
000333.jpg 362 272 794 369
000334.jpg 250 209 695 272
000335.jpg 439 326 609 153
000336.jpg 364 238 815 370
000337.jpg 390 259 698 244
000338.jpg 349 243 837 263
000339.jpg 106 199 717 279
000340.jpg 419 256 645 253
000341.jpg 369 234 817 250
000342.jpg 355 263 726 313
000343.jpg 352 230 888 239
000344.jpg 349 249 707 216
000345.jpg 442 149 554 344
000346.jpg 366 201 700 215
000347.jpg 140 192 -1 -1
000348.jpg 248 170 702 242
000349.jpg 326 238 726 280
000350.jpg 302 250 693 252
000351.jpg 347 256 691 268
000352.jpg 193 231 703 249
000353.jpg 356 241 850 272
000354.jpg 427 246 619 275
000355.jpg 361 271 683 219
000356.jpg 366 242 675 209
000357.jpg -1 -1 897 375
000358.jpg 434 269 854 241
000359.jpg 177 219 702 246
000360.jpg 352 211 699 249
000361.jpg 391 314 667 184
000362.jpg 279 316 -1 -1
000363.jpg 421 292 619 263
000364.jpg -1 -1 832 260
000365.jpg 347 242 868 276
000366.jpg 485 177 608 322
000367.jpg 436 333 701 216
000368.jpg 385 304 670 157
000369.jpg 220 248 -1 -1
000370.jpg 422 285 846 275
000371.jpg 184 218 720 274
000372.jpg 352 234 844 250
000373.jpg 67 173 720 281
000374.jpg 142 179 -1 -1
000375.jpg 151 213 702 245
000376.jpg 415 323 572 148
000377.jpg 321 255 687 266
000378.jpg 357 264 855 241
000379.jpg 432 188 690 279
000380.jpg 187 216 712 276
000381.jpg 365 237 844 308
000382.jpg 330 290 699 278
000383.jpg 357 243 849 306
000384.jpg 349 209 685 191
000385.jpg 125 360 -1 -1
000386.jpg 242 230 700 254
000387.jpg 349 239 695 262
000388.jpg 360 288 703 274
000389.jpg 174 206 -1 -1
000390.jpg 366 248 700 223
000391.jpg -1 -1 866 311
000392.jpg 223 205 689 253
000393.jpg 362 266 799 231
000394.jpg 418 333 535 155
000395.jpg 213 243 685 256
000396.jpg 349 255 695 249
000397.jpg 359 208 837 313
000398.jpg 348 232 897 349
000399.jpg 402 153 564 339
000400.jpg 360 210 794 242
000401.jpg 359 268 839 286
000402.jpg -1 -1 853 263
000403.jpg 169 218 703 286
000404.jpg 435 328 531 161
000405.jpg 334 434 677 446
000406.jpg 220 212 689 259
000407.jpg 236 234 -1 -1
000408.jpg 394 321 552 138
000409.jpg 192 223 698 252
000410.jpg 364 266 857 361
000411.jpg 429 278 868 377
000412.jpg 340 274 704 252
000413.jpg 248 224 695 245
000414.jpg 359 247 708 242
000415.jpg 211 232 -1 -1
000416.jpg 422 278 852 314
000417.jpg 188 170 705 246
000418.jpg 360 247 711 240
000419.jpg 370 235 694 209
000420.jpg 245 182 713 255
000421.jpg -1 -1 -1 -1
000422.jpg 190 186 704 271
000423.jpg 239 206 689 254
000424.jpg 259 201 697 252
000425.jpg 237 153 713 278
000426.jpg 413 312 589 146
000427.jpg 362 276 672 188
000428.jpg 228 158 708 298
000429.jpg 188 228 703 245
000430.jpg 358 283 708 288
000431.jpg 341 255 689 253
000432.jpg 360 267 849 377
000433.jpg 431 298 645 317
000434.jpg -1 -1 849 335
000435.jpg 185 200 696 243
000436.jpg -1 -1 813 278
000437.jpg 358 237 828 289
000438.jpg 392 293 610 164
000439.jpg 63 178 710 288
000440.jpg 44 177 710 298
000441.jpg 185 218 612 287
000442.jpg 370 264 808 235
000443.jpg 348 231 838 296
000444.jpg 53 177 701 249
000445.jpg 366 275 681 175
000446.jpg 52 179 705 243
000447.jpg 351 220 -1 -1
000448.jpg 357 264 689 251
000449.jpg 421 162 604 330
000450.jpg 373 281 670 171
000451.jpg 56 170 687 244
000452.jpg 358 253 -1 -1
000453.jpg 356 289 802 274
000454.jpg 463 320 699 217
000455.jpg 203 208 705 242
000456.jpg 360 260 692 244
000457.jpg 343 218 835 284
000458.jpg 200 198 695 241
000459.jpg -1 -1 891 287
000460.jpg 144 204 693 253
000461.jpg 224 210 681 248
000462.jpg 362 226 692 302
000463.jpg 400 164 582 335
000464.jpg 207 206 598 259
000465.jpg 149 212 629 239
000466.jpg 384 227 684 277
000467.jpg 371 264 733 260
000468.jpg 361 233 668 220
000469.jpg 364 250 865 342
000470.jpg 371 174 700 231
000471.jpg 426 289 615 289
000472.jpg 503 333 531 211
000473.jpg 350 255 692 201
000474.jpg 393 299 695 267
000475.jpg 447 147 637 336
000476.jpg 365 208 699 198
000477.jpg 363 275 660 168
000478.jpg 426 157 606 340
000479.jpg 200 235 713 275
000480.jpg 350 207 698 198
000481.jpg 451 167 608 326
000482.jpg -1 -1 835 256
000483.jpg 353 249 789 259
000484.jpg 360 263 782 388
000485.jpg 365 272 806 264
000486.jpg 349 225 700 210
000487.jpg 362 209 691 252
000488.jpg 362 263 699 290
000489.jpg 359 287 703 222
000490.jpg 355 226 878 252
000491.jpg 252 196 -1 -1
000492.jpg 474 332 701 221
000493.jpg 356 235 877 339
000494.jpg 353 240 689 260
000495.jpg 359 251 886 307
000496.jpg 356 248 852 277
000497.jpg 356 264 696 273
000498.jpg 363 234 696 250
000499.jpg 390 131 667 131
000500.jpg 542 339 523 173
000501.jpg 185 227 603 273
000502.jpg 212 217 720 276
000503.jpg 303 225 694 273
000504.jpg 355 225 898 336
000505.jpg 354 227 697 218
000506.jpg 245 173 697 246
000507.jpg 362 247 863 260
000508.jpg 359 230 702 225
000509.jpg 426 276 842 323
000510.jpg 212 323 697 250
000511.jpg 361 257 856 293
000512.jpg -1 -1 860 312
000513.jpg 365 237 596 341
000514.jpg 425 162 640 147
000515.jpg 220 215 696 248
000516.jpg 350 253 692 271
000517.jpg 179 224 604 263
000518.jpg 425 278 829 340
000519.jpg 349 254 816 299
000520.jpg 395 267 859 326
000521.jpg 343 238 830 281
000522.jpg 250 206 695 256
000523.jpg 217 251 -1 -1
000524.jpg 360 236 857 384
000525.jpg 258 215 699 270
000526.jpg 358 251 864 333
000527.jpg 230 206 701 254
000528.jpg 184 208 -1 -1
000529.jpg 216 214 603 263
000530.jpg 361 248 841 335
000531.jpg -1 -1 862 380
000532.jpg 358 268 838 326
000533.jpg 529 341 557 163
000534.jpg 371 235 835 288
000535.jpg 386 304 675 166
000536.jpg 353 240 540 337
000537.jpg 422 276 620 271
000538.jpg 365 269 703 269
000539.jpg -1 -1 874 309
000540.jpg 398 296 578 159
000541.jpg 152 200 689 246
000542.jpg 237 158 716 278
000543.jpg 423 277 847 349
000544.jpg 488 321 553 149
000545.jpg 273 235 700 249
000546.jpg 360 242 843 246
000547.jpg 509 185 533 328
000548.jpg 362 247 701 216
000549.jpg 524 170 512 338
000550.jpg -1 -1 884 375
000551.jpg 337 226 857 234
000552.jpg 290 325 691 243
000553.jpg 468 155 582 331
000554.jpg 431 277 848 265
000555.jpg 374 177 674 300
000556.jpg 425 281 865 309
000557.jpg 412 160 642 317
000558.jpg 352 256 703 242
000559.jpg 352 200 807 256
000560.jpg 366 268 858 277
000561.jpg 344 270 700 269
000562.jpg 459 151 576 321
000563.jpg 312 270 691 271
000564.jpg 376 177 616 324
000565.jpg 176 208 703 249
000566.jpg 422 278 839 334
000567.jpg 138 214 705 294
000568.jpg 164 212 694 251
000569.jpg -1 -1 699 251
000570.jpg 461 317 580 135
000571.jpg 324 238 698 272
000572.jpg 351 184 808 356
000573.jpg 356 233 855 327
000574.jpg 421 316 702 218
000575.jpg 426 283 814 392
000576.jpg 209 245 707 253
000577.jpg 208 224 711 300
000578.jpg 351 226 696 226
000579.jpg 209 184 709 256
000580.jpg 358 244 715 268
000581.jpg 431 275 870 326
000582.jpg 351 230 688 245
000583.jpg 459 332 532 180
000584.jpg 359 269 827 352
000585.jpg 195 225 723 283
000586.jpg 365 240 824 361
000587.jpg 463 162 579 320
000588.jpg 356 256 696 176
000589.jpg 58 171 706 244
000590.jpg 354 237 874 286
000591.jpg 355 263 614 268
000592.jpg 351 205 671 230
000593.jpg 202 216 694 248
000594.jpg 364 220 669 309
000595.jpg 358 213 700 224
000596.jpg 148 209 694 271
000597.jpg 358 208 845 317
000598.jpg 204 240 -1 -1
000599.jpg 351 232 819 238
000600.jpg 206 260 690 250
000601.jpg 353 243 856 385
000602.jpg 469 138 603 327
000603.jpg 363 241 855 256
000604.jpg 366 250 836 269
000605.jpg 245 167 708 243
000606.jpg 222 261 698 239
000607.jpg 455 319 585 146
000608.jpg 41 170 -1 -1
000609.jpg 357 253 860 303
000610.jpg 374 270 689 272
000611.jpg 444 159 538 337
000612.jpg 246 201 697 253
000613.jpg 361 200 702 208
000614.jpg -1 -1 -1 -1
000615.jpg 358 263 827 375
000616.jpg 350 216 691 303
000617.jpg 363 346 669 360
000618.jpg 374 164 708 276
000619.jpg 369 333 666 339
000620.jpg 172 218 -1 -1
000621.jpg 352 232 857 279
000622.jpg 66 191 700 243
000623.jpg 356 246 864 363
000624.jpg 367 243 859 340
000625.jpg -1 -1 890 362
000626.jpg 195 206 702 277
000627.jpg 353 224 858 267
000628.jpg 393 324 647 187
000629.jpg 168 330 -1 -1
000630.jpg 346 238 856 353
000631.jpg 170 209 697 241
000632.jpg 84 198 701 284
000633.jpg 340 194 703 193
000634.jpg 425 289 606 281
000635.jpg 352 257 854 288
000636.jpg 167 205 698 244
000637.jpg 357 250 834 276
000638.jpg 353 240 832 283
000639.jpg 362 267 859 271
000640.jpg 436 274 727 401
000641.jpg -1 -1 843 262
000642.jpg -1 -1 862 339
000643.jpg 365 237 818 388
000644.jpg 355 246 847 254
000645.jpg 440 289 660 218
000646.jpg 420 311 667 157
000647.jpg 360 251 703 233
000648.jpg 168 193 -1 -1
000649.jpg 432 279 850 347
000650.jpg 349 230 865 250
000651.jpg 361 262 691 249
000652.jpg 437 264 808 363
000653.jpg 260 159 695 254
000654.jpg 351 259 858 342
000655.jpg 57 166 -1 -1
000656.jpg 186 237 592 258
000657.jpg 217 256 605 267
000658.jpg 365 219 690 206
000659.jpg 362 249 842 292
000660.jpg 357 243 869 259
000661.jpg 355 247 851 336
000662.jpg 94 195 699 290
000663.jpg 345 243 800 276
000664.jpg 430 278 838 273
000665.jpg 247 215 591 271
000666.jpg 349 227 733 221
000667.jpg 384 219 673 221
000668.jpg 355 236 859 275
000669.jpg 444 321 608 146
000670.jpg 237 234 670 285
000671.jpg 258 209 695 252
000672.jpg 364 263 855 295
000673.jpg 68 183 705 304
000674.jpg 355 239 703 253
000675.jpg 360 233 824 355
000676.jpg 367 268 720 240
000677.jpg 359 264 857 253
000678.jpg 358 229 838 380
000679.jpg 358 266 785 365
000680.jpg 251 189 694 247
000681.jpg 362 262 694 245
000682.jpg 233 171 711 276
000683.jpg 201 205 -1 -1
000684.jpg 99 195 712 278
000685.jpg 366 242 685 262
000686.jpg 377 277 697 232
000687.jpg 243 201 691 251
000688.jpg 298 250 695 249
000689.jpg 199 235 679 259
000690.jpg 507 348 489 226
000691.jpg 366 257 670 179
000692.jpg -1 -1 -1 -1
000693.jpg 360 242 862 267
000694.jpg 398 247 840 242
000695.jpg 376 250 712 246
000696.jpg 494 329 502 201
000697.jpg 360 310 833 259
000698.jpg 352 243 884 370
000699.jpg 364 235 694 229
000700.jpg 332 358 704 422
000701.jpg 365 222 680 300
000702.jpg 235 151 707 297
000703.jpg 352 242 880 362
000704.jpg 262 200 -1 -1
000705.jpg 357 231 -1 -1
000706.jpg 253 173 -1 -1
000707.jpg 154 223 610 280
000708.jpg 381 301 624 156
000709.jpg 351 242 877 245
000710.jpg 220 250 -1 -1
000711.jpg 433 278 822 380
000712.jpg 369 268 647 169
000713.jpg 502 168 512 333
000714.jpg 386 305 585 172
000715.jpg 351 236 821 383
000716.jpg -1 -1 857 302
000717.jpg 187 186 591 267
000718.jpg 79 179 -1 -1
000719.jpg 228 212 -1 -1
000720.jpg 433 282 783 355
000721.jpg 354 224 835 360
000722.jpg 364 251 884 328
000723.jpg 357 273 700 281
000724.jpg 368 254 567 326
000725.jpg 53 170 -1 -1
000726.jpg 174 219 701 245
000727.jpg 343 240 848 249
000728.jpg 213 305 603 277
000729.jpg 53 174 710 294
000730.jpg 354 237 832 278
000731.jpg 361 246 849 255
000732.jpg 168 286 -1 -1
000733.jpg 255 194 -1 -1
000734.jpg 148 222 690 243
000735.jpg 449 156 609 334
000736.jpg 163 220 -1 -1
000737.jpg 435 313 620 168
000738.jpg 364 287 695 291
000739.jpg 63 170 724 279
000740.jpg 243 180 -1 -1
000741.jpg 353 245 677 269
000742.jpg 184 200 726 279
000743.jpg 348 196 837 282
000744.jpg 261 179 708 254
000745.jpg 210 195 689 263
000746.jpg 356 238 850 296
000747.jpg 404 167 632 329
000748.jpg 464 160 535 326
000749.jpg 342 211 845 275
000750.jpg 193 221 706 289
000751.jpg 345 240 697 233
000752.jpg 101 200 704 241
000753.jpg 461 169 570 344
000754.jpg 87 190 596 268
000755.jpg 146 162 711 283
000756.jpg 359 239 877 334
000757.jpg 350 231 871 350
000758.jpg 353 240 892 278
000759.jpg 160 231 716 275
000760.jpg 426 324 574 152
000761.jpg 360 208 698 200
000762.jpg 370 302 681 210
000763.jpg 535 335 518 156
000764.jpg 172 211 701 245
000765.jpg 190 242 707 251
000766.jpg 65 176 699 243
000767.jpg 140 218 -1 -1
000768.jpg 357 236 810 234
000769.jpg 235 176 702 248
000770.jpg 235 176 691 250
000771.jpg 240 219 -1 -1
000772.jpg 426 274 607 259
000773.jpg 218 216 697 245
000774.jpg -1 -1 883 259
000775.jpg 267 245 691 287
000776.jpg 365 238 823 353
000777.jpg 354 229 875 349
000778.jpg 438 316 613 141
000779.jpg 348 235 869 259
000780.jpg 358 234 722 269
000781.jpg 332 246 689 276
000782.jpg 253 210 -1 -1
000783.jpg -1 -1 866 300
000784.jpg 360 247 664 304
000785.jpg 355 193 805 286
000786.jpg 366 258 837 279
000787.jpg 358 235 896 281
000788.jpg 348 256 634 174
000789.jpg 174 200 701 284
000790.jpg 188 214 613 280
000791.jpg 354 236 866 388
000792.jpg 347 247 715 233
000793.jpg 345 402 840 252
000794.jpg 455 323 702 207
000795.jpg 366 238 843 357
000796.jpg 384 151 694 247
000797.jpg 352 405 661 399
000798.jpg 354 234 848 406
000799.jpg 198 197 711 243
000800.jpg 446 283 702 224
000801.jpg 137 176 596 268
000802.jpg 461 321 631 179
000803.jpg 359 248 724 269
000804.jpg 212 234 714 251
000805.jpg 368 225 702 223
000806.jpg 475 325 710 221
000807.jpg 359 260 687 244
000808.jpg 356 240 600 260
000809.jpg 174 188 -1 -1
000810.jpg 189 210 700 239
000811.jpg 240 221 692 266
000812.jpg 405 260 702 233
000813.jpg 413 306 654 256
000814.jpg 274 243 694 274
000815.jpg 487 336 614 155
000816.jpg 441 321 607 180
000817.jpg 347 282 697 255
000818.jpg 170 221 714 279
000819.jpg 350 194 838 302
000820.jpg 138 186 701 244
000821.jpg 357 253 835 226
000822.jpg 340 246 721 248
000823.jpg 359 232 583 302
000824.jpg 120 219 -1 -1
000825.jpg 364 140 688 299
000826.jpg -1 -1 682 255
000827.jpg 359 205 706 221
000828.jpg 360 247 827 336
000829.jpg 369 252 682 243
000830.jpg 230 253 -1 -1
000831.jpg 368 278 635 141
000832.jpg 362 234 678 236
000833.jpg 359 224 695 201
000834.jpg 348 232 809 261
000835.jpg 359 249 902 355
000836.jpg 369 253 830 205
000837.jpg -1 -1 877 309
000838.jpg 360 255 857 331
000839.jpg 238 152 683 265
000840.jpg 441 273 838 227
000841.jpg 434 271 697 206
000842.jpg 380 248 858 222
000843.jpg 329 242 711 241
000844.jpg 291 288 690 205
000845.jpg 368 254 876 348
000846.jpg 370 256 902 337
000847.jpg 164 297 692 265
000848.jpg 48 180 -1 -1
000849.jpg 40 175 -1 -1
000850.jpg -1 -1 877 430
000851.jpg 361 254 905 314
000852.jpg 369 246 831 214
000853.jpg 362 245 838 321
000854.jpg 429 270 620 267
000855.jpg 364 249 865 224
000856.jpg 352 247 899 269
000857.jpg -1 -1 860 351
000858.jpg 338 244 715 212
000859.jpg 344 252 690 246
000860.jpg 354 220 702 196
000861.jpg 218 253 -1 -1
000862.jpg 366 260 688 254
000863.jpg 362 232 571 299
000864.jpg 266 224 850 228
000865.jpg -1 -1 862 206
000866.jpg 362 252 875 282
000867.jpg 358 221 703 205
000868.jpg 363 254 879 354
000869.jpg 126 221 -1 -1
000870.jpg 358 248 823 265
000871.jpg 196 227 663 264
000872.jpg 361 248 877 312
000873.jpg -1 -1 878 384
000874.jpg 234 352 -1 -1
000875.jpg -1 -1 861 368
000876.jpg 251 220 698 253
000877.jpg -1 -1 864 304
000878.jpg 206 258 -1 -1
000879.jpg 435 287 850 215
000880.jpg 363 215 701 205
000881.jpg -1 -1 864 218
000882.jpg 443 269 697 204
000883.jpg -1 -1 862 234
000884.jpg 54 178 -1 -1
000885.jpg 458 238 704 206
000886.jpg 251 327 697 249
000887.jpg 417 288 696 195
000888.jpg 352 259 835 241
000889.jpg 150 243 697 253
000890.jpg 362 265 695 251
000891.jpg 366 301 662 140
000892.jpg 371 254 891 237
000893.jpg 432 274 706 199
000894.jpg -1 -1 858 320
000895.jpg 209 257 701 202
000896.jpg 344 251 756 262
000897.jpg 365 252 904 316
000898.jpg 176 229 706 255
000899.jpg 360 256 904 374
000900.jpg -1 -1 862 254
000901.jpg 357 273 701 207
000902.jpg 357 260 856 227
000903.jpg 327 238 720 241
000904.jpg 193 206 856 218
000905.jpg 221 295 854 206
000906.jpg 160 222 694 269
000907.jpg 361 250 853 324
000908.jpg 374 424 651 419
000909.jpg 368 265 703 255
000910.jpg 270 229 687 207
000911.jpg 204 244 689 245
000912.jpg 364 248 833 305
000913.jpg 361 252 832 275
000914.jpg 343 265 699 273
000915.jpg 343 259 692 264
000916.jpg 365 256 841 277
000917.jpg 368 253 865 336
000918.jpg 365 212 702 205
000919.jpg 366 257 864 305
000920.jpg 358 265 695 257
000921.jpg 372 386 639 391
000922.jpg 261 214 -1 -1
000923.jpg 357 255 874 243
000924.jpg 366 255 825 345
000925.jpg 116 211 -1 -1
000926.jpg 404 276 616 269
000927.jpg 210 253 -1 -1
000928.jpg 362 288 847 346
000929.jpg 60 183 -1 -1
000930.jpg 49 186 -1 -1
000931.jpg 223 172 854 238
000932.jpg 362 219 709 211
000933.jpg 255 212 860 245
000934.jpg 366 253 829 277
000935.jpg 198 267 695 204
000936.jpg 329 286 852 333
000937.jpg 364 244 569 291
000938.jpg 331 383 686 261
000939.jpg 248 223 667 368
000940.jpg 376 290 854 296
000941.jpg 214 287 691 258
000942.jpg 426 283 701 276
000943.jpg 437 273 709 213
000944.jpg 369 284 671 163
000945.jpg 363 259 893 238
000946.jpg -1 -1 852 214
000947.jpg 193 244 711 258
000948.jpg 366 253 906 341
000949.jpg 372 284 788 240
000950.jpg 364 253 840 352
000951.jpg 172 218 -1 -1
000952.jpg 144 220 697 251
000953.jpg 358 286 573 289
000954.jpg 154 231 717 262
000955.jpg 225 149 708 256
000956.jpg 151 228 839 244
000957.jpg 364 248 928 323
000958.jpg 244 202 713 262
000959.jpg 251 203 797 211
000960.jpg -1 -1 870 265
000961.jpg 370 294 693 278
000962.jpg 370 286 855 255
000963.jpg 360 246 831 367
000964.jpg 256 366 -1 -1
000965.jpg 52 187 -1 -1
000966.jpg 158 234 -1 -1
000967.jpg 205 239 -1 -1
000968.jpg 433 280 721 209
000969.jpg 368 251 878 339
000970.jpg 192 217 843 223
000971.jpg 196 225 -1 -1
000972.jpg 252 153 701 255
000973.jpg 365 255 685 246
000974.jpg 364 257 847 233
000975.jpg 352 229 706 232
000976.jpg 367 255 907 308
000977.jpg 365 246 654 276
000978.jpg 280 310 658 280
000979.jpg 365 262 897 375
000980.jpg 367 252 843 269
000981.jpg 168 241 712 257
000982.jpg 427 274 694 270
000983.jpg 374 252 909 352
000984.jpg 254 220 741 275
000985.jpg 325 282 722 255
000986.jpg 122 233 689 271
000987.jpg 218 180 718 258
000988.jpg 328 226 695 209
000989.jpg 434 276 710 209
000990.jpg 356 255 852 395
000991.jpg 214 280 -1 -1
000992.jpg 364 258 892 335
000993.jpg -1 -1 856 203
000994.jpg 360 251 901 332
000995.jpg 362 282 708 261
000996.jpg 366 255 904 279
000997.jpg -1 -1 878 313
000998.jpg 367 283 860 387
000999.jpg 60 178 -1 -1
001000.jpg 230 167 855 232
001001.jpg -1 -1 851 301
001002.jpg 198 245 691 212
001003.jpg -1 -1 864 390
001004.jpg 346 164 693 277
001005.jpg 368 251 855 397
001006.jpg 359 250 818 318
001007.jpg 196 207 849 307
001008.jpg 374 145 667 320
001009.jpg 76 160 -1 -1
001010.jpg -1 -1 874 393
001011.jpg 368 245 858 219
001012.jpg 180 268 689 270
001013.jpg 225 163 850 231
001014.jpg 62 178 -1 -1
001015.jpg 361 281 840 229
001016.jpg 365 247 878 309
001017.jpg 249 195 712 261
001018.jpg 209 239 -1 -1
001019.jpg 366 251 836 209
001020.jpg 371 252 907 268
001021.jpg 248 379 -1 -1
001022.jpg 199 258 687 254
001023.jpg -1 -1 858 381
001024.jpg 192 271 723 256
001025.jpg 369 232 687 234
001026.jpg 187 222 -1 -1
001027.jpg 348 237 829 259
001028.jpg 247 280 698 208
001029.jpg -1 -1 862 356
001030.jpg 436 273 697 269
001031.jpg 370 285 830 261
001032.jpg 148 226 697 276
001033.jpg 203 230 663 292
001034.jpg 366 291 688 258
001035.jpg 265 254 689 256
001036.jpg 184 267 695 269
001037.jpg 343 248 698 205
001038.jpg 359 252 892 243
001039.jpg 145 211 -1 -1
001040.jpg 198 207 864 298
001041.jpg 354 254 758 286
001042.jpg 329 230 711 205
001043.jpg 271 256 838 244
001044.jpg 358 250 827 245
001045.jpg 363 254 912 378
001046.jpg 179 261 691 248
001047.jpg 421 290 623 295
001048.jpg 247 255 -1 -1
001049.jpg -1 -1 853 194
001050.jpg 151 222 691 268
001051.jpg -1 -1 845 235
001052.jpg 347 217 702 209
001053.jpg 350 204 696 207
001054.jpg -1 -1 857 249
001055.jpg 344 244 722 259
001056.jpg 356 256 821 376
001057.jpg 378 292 690 265
001058.jpg -1 -1 859 265
001059.jpg -1 -1 873 374
001060.jpg 345 246 808 262
001061.jpg 99 210 -1 -1
001062.jpg -1 -1 888 373
001063.jpg 365 257 870 397
001064.jpg 367 282 783 273
001065.jpg 289 302 686 269
001066.jpg 207 297 -1 -1
001067.jpg 367 255 905 317
001068.jpg -1 -1 880 325
001069.jpg -1 -1 831 247
001070.jpg 361 250 875 397
001071.jpg -1 -1 866 291
001072.jpg 169 226 685 250
001073.jpg 360 212 705 203
001074.jpg 327 192 693 211
001075.jpg 432 275 700 205
001076.jpg 339 338 683 349
001077.jpg 357 259 852 386
001078.jpg 358 301 587 285
001079.jpg 434 285 704 199
001080.jpg 375 147 657 331
001081.jpg 425 275 775 219
001082.jpg 256 214 850 235
001083.jpg 241 193 681 254
001084.jpg 362 251 833 246
001085.jpg -1 -1 848 209
001086.jpg 169 240 827 251
001087.jpg 374 260 882 320
001088.jpg 450 229 696 214
001089.jpg 149 240 -1 -1
001090.jpg 359 254 903 225
001091.jpg 251 145 692 253
001092.jpg 362 236 572 297
001093.jpg 358 203 832 240
001094.jpg -1 -1 835 295
001095.jpg 428 275 622 274
001096.jpg 188 220 -1 -1
001097.jpg 334 290 711 264
001098.jpg 367 242 723 227
001099.jpg 433 276 704 210
001100.jpg -1 -1 862 190
001101.jpg 424 280 631 276
001102.jpg 195 233 683 265
001103.jpg 202 239 701 253
001104.jpg 364 289 598 307
001105.jpg 237 144 691 257
001106.jpg 205 315 680 258
001107.jpg -1 -1 848 189
001108.jpg 359 254 856 282
001109.jpg 214 286 692 263
001110.jpg 59 174 -1 -1
001111.jpg 424 274 852 211
001112.jpg 343 186 718 246
001113.jpg 222 223 735 223
001114.jpg 345 199 848 208
001115.jpg 342 208 856 268
001116.jpg 247 231 747 229
001117.jpg 345 227 720 222
001118.jpg 339 217 832 248
001119.jpg 344 212 728 218
001120.jpg 225 182 742 204
001121.jpg 350 278 673 170
001122.jpg 154 201 737 215
001123.jpg 208 230 731 214
001124.jpg 339 207 887 362
001125.jpg 333 222 721 208
001126.jpg 337 200 858 279
001127.jpg 339 142 747 227
001128.jpg 148 194 770 223
001129.jpg 236 178 740 208
001130.jpg 337 199 913 336
001131.jpg 340 228 721 208
001132.jpg 350 293 649 145
001133.jpg 252 235 734 221
001134.jpg 228 196 753 219
001135.jpg 338 282 685 157
001136.jpg 331 206 885 235
001137.jpg 230 208 747 223
001138.jpg 344 206 821 262
001139.jpg 235 196 743 215
001140.jpg 332 199 898 221
001141.jpg 243 225 767 226
001142.jpg 337 205 925 370
001143.jpg 338 205 906 244
001144.jpg 186 208 724 220
001145.jpg 340 201 885 326
001146.jpg 335 210 859 355
001147.jpg 305 202 777 217
001148.jpg 340 211 765 205
001149.jpg 233 193 716 211
001150.jpg 365 152 712 270
001151.jpg 327 241 702 131
001152.jpg 327 200 725 208
001153.jpg 334 176 730 222
001154.jpg 349 211 732 207
001155.jpg 241 189 728 211
001156.jpg 327 223 719 216
001157.jpg 231 244 729 221
001158.jpg 311 179 717 192
001159.jpg 224 193 748 235
001160.jpg 165 222 739 211
001161.jpg 184 219 727 221
001162.jpg 174 195 745 212
001163.jpg 234 181 740 214
001164.jpg 351 207 852 227
001165.jpg 235 182 726 216
001166.jpg 352 181 721 195
001167.jpg 342 218 723 209
001168.jpg 314 203 712 209
001169.jpg 340 207 859 263
001170.jpg 162 197 722 219
001171.jpg 302 163 756 190
001172.jpg 344 202 857 347
001173.jpg 346 201 914 367
001174.jpg 238 220 760 227
001175.jpg 161 187 740 206
001176.jpg 251 228 739 224
001177.jpg 221 223 744 229
001178.jpg 342 211 840 225
001179.jpg 229 235 746 226
001180.jpg 416 108 743 270
001181.jpg 342 222 713 219
001182.jpg 318 184 734 225
001183.jpg 300 191 756 225
001184.jpg 342 220 719 215
001185.jpg 341 169 729 245
001186.jpg 362 212 699 200
001187.jpg 341 217 714 214
001188.jpg 240 207 748 208
001189.jpg 357 210 719 196
001190.jpg 358 166 730 243
001191.jpg 207 187 737 214
001192.jpg 330 197 852 228
001193.jpg 336 198 930 350
001194.jpg 341 205 858 292
001195.jpg 343 218 711 206
001196.jpg 336 207 903 289
001197.jpg 138 178 732 217
001198.jpg 133 187 724 207
001199.jpg 346 199 921 349
001200.jpg 340 201 877 317
001201.jpg 376 143 713 281
001202.jpg 209 200 724 210
001203.jpg 319 198 912 258
001204.jpg 331 204 721 224
001205.jpg 153 177 731 208
001206.jpg 159 207 744 209
001207.jpg 344 234 708 190
001208.jpg 207 217 757 219
001209.jpg 247 180 769 229
001210.jpg 345 261 664 104
001211.jpg 341 207 883 374
001212.jpg 187 183 746 209
001213.jpg 342 199 904 255
001214.jpg 336 195 710 190
001215.jpg 478 124 719 279
001216.jpg 200 210 750 220
001217.jpg 349 217 757 184
001218.jpg 349 263 750 165
001219.jpg 326 201 713 197
001220.jpg 234 220 738 217
001221.jpg 345 202 854 314
001222.jpg 233 191 737 204
001223.jpg 341 202 706 210
001224.jpg 331 207 886 214
001225.jpg 331 204 935 355
001226.jpg 378 161 751 223
001227.jpg 350 203 901 378
001228.jpg 346 207 901 371
001229.jpg 147 200 734 215
001230.jpg 344 212 894 238
001231.jpg 359 308 651 149
001232.jpg 541 134 671 311
001233.jpg 199 196 764 226
001234.jpg 334 195 898 375
001235.jpg 345 207 871 233
001236.jpg 352 297 648 150
001237.jpg 338 190 912 369
001238.jpg 320 171 754 197
001239.jpg 390 141 708 292
001240.jpg 367 122 744 231
001241.jpg 201 162 756 201
001242.jpg 341 195 725 202
001243.jpg 342 191 906 320
001244.jpg 328 251 720 185
001245.jpg 259 250 749 220
001246.jpg 331 214 878 284
001247.jpg 144 196 733 209
001248.jpg 332 201 718 207
001249.jpg 246 192 735 209
001250.jpg 240 167 738 216
001251.jpg 498 97 716 296
001252.jpg 339 205 915 368
001253.jpg 362 156 711 268
001254.jpg 171 228 742 210
